0:
###
..#
###

1:
###
.#.
###

2:
#..
##.
.##

3:
###
.##
##.

4:
###
.##
..#

5:
###
###
..#

48x46: 65 55 51 61 53 53
36x39: 20 25 28 29 28 25
47x50: 47 45 35 30 45 38
38x48: 36 25 32 28 32 38
42x40: 45 44 40 43 44 42
39x37: 23 24 22 25 30 32
50x48: 51 38 37 45 43 42
36x47: 32 26 38 32 30 22
37x50: 33 35 38 35 19 31
44x46: 41 34 34 32 28 41
40x50: 37 40 27 35 35 33
36x44: 53 34 38 42 46 31
38x42: 27 25 33 22 23 38
46x35: 30 33 24 29 27 21
43x41: 42 44 44 56 51 35
42x37: 40 33 42 34 41 50
45x44: 39 36 44 32 33 26
44x49: 31 42 43 38 37 32
44x38: 18 30 29 25 32 34
37x38: 21 25 25 28 17 28
35x43: 43 27 42 41 39 41
44x42: 30 37 34 28 36 31
49x50: 41 40 50 46 37 42
40x47: 27 32 29 39 33 35
44x46: 30 39 38 34 42 26
45x42: 30 37 31 47 29 35
49x43: 53 74 45 52 56 42
36x39: 28 45 28 37 35 41
40x36: 29 29 31 19 21 26
50x38: 31 34 27 37 37 25
42x48: 42 41 41 37 29 34
43x36: 37 20 21 29 33 28
39x49: 26 30 30 38 50 33
49x40: 52 48 62 49 43 50
42x44: 49 42 54 46 50 46
35x47: 19 30 32 22 29 33
47x45: 38 40 42 40 35 29
37x46: 29 29 38 22 37 25
44x45: 44 61 48 53 49 49
38x37: 25 28 21 23 25 21
43x40: 24 26 35 29 36 32
41x40: 29 44 52 46 40 44
37x42: 38 43 30 50 44 32
50x42: 53 54 53 56 46 60
50x49: 62 78 64 55 66 53
50x43: 27 36 41 43 32 45
48x47: 36 42 34 41 44 42
38x45: 46 41 43 51 36 45
42x38: 38 42 41 37 48 41
37x50: 29 35 37 27 31 32
41x45: 31 49 39 27 24 25
46x35: 37 42 38 52 41 37
36x41: 39 43 33 30 44 38
42x48: 62 49 46 49 47 55
36x38: 20 29 25 21 21 27
41x40: 47 34 46 34 52 42
38x49: 46 51 49 48 46 47
46x44: 42 56 55 52 54 54
49x46: 47 56 70 51 67 61
45x48: 58 56 56 58 64 42
49x37: 47 44 39 47 52 49
45x39: 46 42 38 42 51 50
50x36: 27 37 31 31 33 33
37x40: 40 29 47 44 34 36
44x41: 42 47 50 43 54 44
49x44: 49 53 54 49 73 56
45x49: 38 33 48 45 34 42
41x48: 26 29 37 29 37 49
46x35: 23 32 33 30 24 23
50x50: 44 41 41 49 35 46
44x49: 39 26 31 36 42 50
40x37: 34 21 27 26 23 25
36x36: 32 17 27 32 19 17
35x37: 37 33 25 34 32 36
35x40: 52 37 31 28 35 31
49x47: 50 68 60 54 66 58
42x35: 26 21 25 23 38 20
43x38: 27 26 27 36 23 29
45x39: 33 30 39 28 29 36
49x40: 50 41 46 52 59 54
42x44: 54 43 44 55 51 37
45x41: 27 34 31 40 35 28
37x44: 22 33 32 25 29 26
35x37: 40 33 29 27 38 32
47x44: 41 56 49 62 52 57
49x43: 55 53 60 54 52 52
37x40: 45 46 28 42 36 28
45x48: 44 34 40 44 41 37
45x37: 49 33 37 46 45 45
37x50: 33 28 35 27 35 33
49x45: 37 46 39 38 45 35
41x38: 39 43 34 40 37 45
47x36: 47 42 34 44 44 47
45x49: 43 61 67 64 66 43
48x45: 60 54 64 62 47 47
42x39: 20 43 23 35 33 28
45x37: 43 41 45 37 43 48
35x35: 22 16 21 21 25 16
40x39: 44 45 37 31 44 39
39x43: 48 46 42 39 43 40
49x37: 41 38 57 41 60 47
39x35: 24 25 21 21 26 25
49x38: 57 40 44 54 49 42
38x47: 47 42 54 42 49 44
36x50: 49 41 50 51 45 42
41x44: 30 29 27 35 34 26
37x46: 58 38 39 42 39 44
35x48: 36 34 23 33 25 24
45x45: 25 30 32 49 33 55
50x39: 38 31 26 39 43 30
42x43: 35 36 39 25 35 26
50x44: 55 52 61 54 64 55
46x35: 22 28 30 25 31 29
37x35: 16 30 19 25 14 27
42x37: 22 30 27 25 33 30
42x50: 45 61 50 53 58 56
43x50: 44 37 35 42 34 32
39x49: 51 42 45 46 48 61
41x38: 35 47 44 36 39 40
48x44: 61 51 64 55 46 50
46x46: 44 55 54 63 49 60
43x41: 51 44 47 43 39 47
37x39: 22 33 32 22 22 25
43x43: 34 27 40 33 35 27
48x47: 63 57 52 55 66 54
41x49: 34 36 40 36 27 34
35x43: 45 45 39 33 38 32
38x45: 39 43 53 48 38 44
39x40: 41 44 45 39 36 36
45x40: 51 53 48 46 34 44
42x40: 25 30 28 40 28 30
37x48: 49 52 35 39 64 34
38x46: 44 57 48 43 36 41
50x40: 57 53 48 50 51 48
46x43: 25 36 46 33 30 39
36x45: 33 27 32 28 29 31
45x43: 28 41 33 43 39 25
50x38: 30 32 21 40 34 35
45x42: 58 38 51 55 50 40
39x45: 35 38 49 47 56 48
38x36: 33 34 33 42 40 29
49x42: 57 52 45 44 55 62
46x37: 34 34 27 33 24 28
45x44: 47 54 51 59 52 42
39x35: 31 16 27 18 29 22
49x35: 43 51 42 39 41 47
48x41: 35 34 25 34 39 41
46x49: 37 31 43 46 40 42
43x40: 30 30 39 21 31 30
35x37: 29 40 34 39 34 24
48x47: 38 34 45 32 45 46
42x38: 23 33 32 23 29 28
38x36: 25 22 24 33 16 24
44x40: 29 32 33 34 27 27
37x37: 27 25 25 19 25 22
36x49: 33 36 26 27 34 36
48x39: 48 47 44 54 46 48
47x37: 50 43 48 46 38 43
43x37: 37 46 36 42 43 40
43x37: 43 22 23 29 23 27
43x42: 34 34 42 22 31 32
41x45: 35 28 35 29 32 36
49x41: 48 64 69 36 49 48
36x39: 25 25 29 22 25 30
39x39: 18 32 23 33 32 30
36x42: 42 42 41 35 41 33
35x36: 22 26 21 27 21 14
41x36: 36 52 36 35 39 29
36x36: 35 25 22 18 19 25
48x50: 70 68 61 61 60 49
41x44: 26 36 31 25 37 26
37x44: 44 39 59 38 36 39
43x48: 55 54 57 53 47 52
39x42: 42 42 43 41 46 39
39x45: 29 51 45 42 58 47
38x44: 48 42 48 40 42 39
48x49: 34 52 52 46 43 28
41x42: 34 44 49 42 53 46
49x47: 51 41 28 38 39 43
39x41: 30 25 32 25 28 29
46x39: 47 36 42 52 51 48
50x43: 48 33 37 39 35 32
44x46: 38 38 32 28 37 36
41x39: 30 33 24 24 31 26
42x36: 32 18 26 30 26 36
49x45: 58 64 66 52 55 47
49x44: 61 54 68 56 44 51
41x38: 41 34 30 40 33 58
38x48: 45 43 44 45 53 51
48x38: 31 33 38 27 33 29
37x36: 27 28 28 19 23 18
47x43: 54 41 59 51 56 53
36x39: 28 35 19 25 27 22
43x42: 49 53 47 49 38 41
48x44: 40 31 29 45 42 37
41x48: 47 42 33 29 31 25
44x36: 34 47 40 38 34 50
35x42: 31 22 21 25 25 30
42x45: 40 26 34 41 25 43
37x39: 40 29 44 35 35 41
45x46: 48 55 57 62 53 45
46x47: 39 43 38 35 35 35
37x45: 33 30 34 32 23 28
35x35: 21 23 18 18 24 17
46x39: 36 33 26 31 39 30
50x48: 38 48 45 40 44 41
48x40: 35 34 39 29 35 35
40x48: 33 29 28 52 24 42
48x39: 31 34 35 33 42 33
38x42: 36 52 44 34 35 45
40x48: 27 25 37 37 36 46
39x50: 32 40 34 29 40 32
47x48: 62 53 54 63 56 58
40x38: 37 24 15 23 28 28
47x50: 51 62 54 73 60 60
49x39: 33 46 26 31 30 42
38x49: 49 43 51 45 57 44
43x41: 32 28 37 25 31 28
42x50: 55 71 55 44 50 48
37x35: 24 22 23 21 18 24
48x36: 31 41 26 33 32 28
38x47: 36 49 40 51 51 47
39x41: 32 51 29 47 41 43
40x48: 57 56 38 55 45 41
46x41: 33 27 36 36 28 35
45x46: 55 59 58 47 60 42
36x40: 28 17 28 33 30 20
49x49: 75 64 49 56 67 56
43x39: 26 30 28 42 19 36
43x46: 33 35 37 30 28 46
44x43: 39 30 25 33 38 30
41x42: 39 28 30 35 27 23
47x36: 53 36 39 47 40 44
50x45: 35 51 42 36 41 34
40x43: 45 49 40 44 45 41
36x48: 52 58 44 37 38 36
43x43: 31 36 36 39 29 24
39x43: 28 26 30 35 29 33
48x41: 30 32 45 34 36 30
35x36: 28 32 34 28 43 31
49x49: 39 45 41 43 51 37
50x48: 43 35 47 46 33 51
47x41: 45 49 54 51 50 49
36x44: 22 24 25 22 39 35
41x50: 35 25 35 53 36 24
47x47: 35 32 38 45 34 40
49x45: 46 73 55 49 64 53
47x49: 49 63 56 58 83 48
35x42: 27 29 27 24 24 23
37x47: 32 30 30 22 40 25
42x41: 52 31 53 43 40 48
45x41: 58 49 48 45 44 40
37x40: 40 38 27 46 40 34
36x49: 30 40 26 33 26 36
45x42: 47 57 47 35 52 53
43x43: 29 25 37 41 30 33
49x43: 34 36 44 41 36 32
43x42: 40 29 30 30 28 38
46x40: 36 21 33 39 39 27
48x38: 23 34 28 44 34 28
39x35: 33 42 41 28 41 28
45x45: 50 50 66 52 46 51
40x40: 46 37 39 43 29 50
48x50: 65 70 66 57 55 57
36x39: 21 31 20 34 26 23
48x42: 62 57 50 38 51 52
36x43: 24 33 20 28 27 36
35x38: 23 24 23 30 16 16
47x39: 40 33 23 34 40 25
42x42: 29 43 28 24 36 36
42x36: 18 29 30 30 35 26
45x50: 32 48 37 39 49 35
43x42: 26 30 37 34 35 34
37x35: 37 25 32 37 33 35
45x39: 33 34 34 23 31 39
48x37: 44 32 27 30 38 21
43x46: 35 39 32 37 35 31
48x39: 47 46 47 48 42 57
43x45: 32 31 32 31 40 43
42x37: 41 41 43 47 37 31
37x39: 31 31 26 16 28 23
40x37: 35 27 19 27 27 20
35x43: 27 25 22 33 23 23
47x40: 45 51 37 50 45 58
46x45: 54 51 59 55 50 51
45x44: 33 45 38 32 21 40
37x40: 46 40 40 28 40 35
48x36: 31 18 41 32 35 34
43x45: 49 43 40 59 54 51
49x39: 27 45 26 28 44 38
50x40: 38 30 47 31 25 37
49x39: 45 47 46 52 59 46
49x44: 40 22 41 39 43 39
39x37: 32 33 35 44 39 39
41x45: 29 36 30 26 36 37
40x37: 38 37 45 34 31 44
50x35: 51 55 41 47 35 38
38x49: 39 33 39 24 33 23
49x38: 35 27 26 36 29 39
47x44: 43 64 50 52 50 58
40x50: 58 56 45 44 57 47
38x36: 21 22 21 28 28 24
50x46: 37 29 38 42 49 45
50x46: 36 37 42 42 41 41
37x49: 51 40 47 47 59 37
42x46: 31 37 42 24 36 39
36x36: 43 29 27 33 40 27
37x40: 44 46 33 33 35 35
40x44: 24 31 41 22 31 33
41x43: 28 29 33 26 33 33
44x35: 35 41 27 37 55 41
40x37: 24 32 21 22 24 32
42x36: 41 42 26 41 36 43
46x50: 65 59 62 60 51 57
46x38: 24 28 35 28 34 31
49x50: 42 47 34 36 55 41
38x49: 44 52 41 62 43 42
36x43: 38 27 26 30 23 24
43x35: 26 24 24 29 26 24
36x43: 40 41 34 38 42 42
44x35: 36 34 33 43 38 51
46x45: 58 53 58 52 44 54
50x44: 32 39 43 32 41 37
44x42: 35 37 28 35 30 31
37x41: 43 37 44 34 45 33
44x39: 35 19 30 35 38 25
41x41: 38 32 36 18 28 17
35x44: 28 21 25 23 33 23
40x45: 55 31 44 49 55 44
48x35: 42 39 33 44 52 47
41x47: 30 41 42 29 25 27
48x37: 36 26 30 31 35 33
39x38: 34 39 34 45 37 38
40x42: 40 48 35 50 33 49
37x39: 32 41 35 36 45 34
46x35: 19 30 33 23 27 32
39x40: 41 47 36 32 39 44
44x37: 27 37 22 26 29 26
42x44: 39 35 37 23 37 24
39x44: 58 32 42 41 52 40
48x39: 44 46 46 51 50 51
36x44: 35 44 49 42 31 44
36x50: 36 54 45 42 53 48
50x43: 35 47 38 31 36 36
35x39: 23 30 26 28 18 18
49x50: 66 65 68 49 72 60
39x45: 45 43 49 45 42 47
43x42: 36 38 25 38 25 33
49x39: 42 52 46 47 54 53
36x50: 31 26 31 31 31 42
46x44: 32 31 34 40 39 33
35x50: 34 48 49 56 47 37
43x37: 33 49 40 42 43 38
49x48: 54 59 50 65 73 60
39x50: 30 28 38 42 33 36
45x49: 43 33 41 30 46 46
41x39: 32 46 37 37 41 52
41x49: 38 29 39 38 36 27
50x36: 22 36 36 34 32 31
36x45: 43 38 48 43 33 45
38x38: 21 33 25 24 20 21
48x36: 40 29 32 20 30 40
42x46: 47 44 54 59 50 45
50x35: 53 48 51 38 36 44
39x49: 44 52 52 52 47 48
37x40: 31 22 16 27 25 35
41x42: 56 45 38 39 41 44
42x45: 46 49 42 55 47 50
41x47: 34 33 26 33 34 34
37x36: 38 27 29 36 44 31
50x48: 62 66 52 70 50 65
42x46: 23 33 45 32 40 36
46x36: 26 27 28 30 41 27
49x41: 54 57 52 42 47 57
38x40: 40 43 37 46 29 37
47x40: 25 38 33 35 29 34
43x43: 32 30 41 28 34 31
41x43: 30 26 25 30 33 37
47x37: 43 47 40 44 41 51
41x50: 32 21 34 37 37 46
44x36: 36 40 43 46 36 43
46x43: 38 30 39 30 38 35
49x37: 43 50 49 43 39 55
44x46: 51 53 47 48 58 54
43x35: 40 41 39 42 25 43
37x49: 32 31 28 32 35 33
39x50: 37 32 29 32 44 33
43x37: 43 35 37 44 42 43
40x35: 33 33 31 38 41 39
45x49: 35 47 42 42 35 39
46x36: 43 38 36 39 54 45
50x41: 45 56 47 53 65 50
43x35: 20 26 23 33 19 32
46x46: 61 55 53 58 51 47
39x40: 45 34 39 46 40 36
45x37: 43 45 39 56 32 39
50x43: 65 57 63 54 40 52
48x40: 51 59 54 43 49 41
50x39: 45 31 34 31 32 35
44x43: 51 50 62 36 47 49
42x50: 36 42 39 38 33 36
46x45: 37 40 31 37 42 38
50x37: 33 37 31 27 34 29
37x48: 32 25 39 35 36 25
40x50: 60 51 55 52 50 41
38x44: 31 29 21 29 39 19
41x45: 40 21 40 33 29 31
42x37: 33 34 24 23 22 32
42x43: 58 48 38 40 40 51
47x35: 46 45 41 49 35 36
36x42: 20 33 34 31 25 24
48x43: 38 34 41 34 39 37
46x43: 42 32 35 34 31 35
41x41: 22 30 39 30 26 21
45x49: 47 45 37 33 42 35
48x43: 47 63 48 44 57 58
47x49: 38 37 48 44 34 38
48x41: 24 38 33 39 37 37
49x35: 23 30 24 43 31 25
40x46: 47 60 43 39 45 48
46x41: 47 55 49 51 37 50
50x47: 63 62 48 73 59 53
40x44: 46 32 18 35 28 22
37x40: 24 21 33 22 28 27
37x47: 42 42 36 48 43 54
48x43: 31 39 36 41 35 42
42x47: 54 52 45 46 54 52
49x45: 47 60 33 38 27 34
49x50: 65 70 69 61 62 52
36x45: 42 43 43 39 50 34
47x43: 52 49 43 51 60 55
38x35: 20 21 23 26 20 21
46x50: 71 54 60 54 64 52
44x50: 48 56 61 48 57 70
44x47: 47 63 55 68 39 45
37x50: 31 30 30 31 40 29
40x39: 27 28 30 31 20 32
49x46: 54 53 49 62 62 65
46x35: 28 48 47 47 45 35
42x44: 46 50 52 50 47 41
40x46: 24 33 31 38 29 39
44x44: 31 28 42 37 23 35
36x42: 34 40 33 41 38 45
42x41: 33 27 25 38 28 30
41x46: 32 33 42 34 24 30
43x37: 30 29 22 32 32 22
46x39: 51 40 45 50 38 51
47x40: 30 33 34 33 35 30
49x43: 52 54 47 48 59 63
42x49: 56 42 53 59 52 55
49x45: 48 63 58 64 43 62
41x39: 41 41 48 33 46 40
41x49: 44 68 43 49 53 50
40x35: 21 18 30 24 24 26
46x41: 52 43 44 45 55 51
47x45: 30 43 42 45 34 30
35x35: 24 19 21 16 20 21
43x47: 41 66 43 55 54 50
46x50: 45 47 53 71 77 62
43x36: 19 39 22 27 28 33
47x46: 58 55 46 54 54 63
44x41: 34 29 27 32 37 23
37x46: 28 24 41 29 31 27
50x45: 28 48 44 39 37 43
47x43: 57 53 51 51 44 54
45x42: 38 38 35 35 31 33
46x35: 20 36 28 29 33 19
50x35: 41 39 50 59 45 37
41x35: 34 34 44 34 37 40
49x38: 53 46 32 47 61 45
46x43: 30 45 23 39 36 37
48x42: 56 57 45 49 54 48
47x37: 34 28 20 29 30 38
38x47: 38 34 71 49 44 46
37x50: 40 45 51 50 48 52
36x50: 29 29 40 29 29 35
50x50: 59 67 64 75 58 61
46x46: 61 52 43 60 56 51
47x43: 38 34 35 34 35 33
46x37: 45 43 48 45 47 36
44x47: 62 48 58 54 47 50
40x47: 43 50 52 57 52 37
42x43: 28 33 33 33 26 42
44x36: 24 33 29 28 16 38
46x44: 37 30 44 32 38 29
43x36: 28 24 31 33 31 21
49x48: 39 39 47 33 52 46
38x40: 37 42 40 41 37 37
49x41: 52 55 47 39 71 47
49x41: 46 59 54 46 52 53
50x38: 34 34 38 19 36 30
40x36: 24 31 28 21 30 22
40x44: 32 25 30 41 25 28
35x43: 41 45 35 39 40 31
47x41: 49 56 43 51 44 51
43x49: 65 53 48 67 42 46
45x50: 66 60 56 55 50 58
45x42: 51 34 55 49 55 50
47x41: 51 52 50 46 51 47
36x40: 36 32 47 29 39 42
35x48: 20 22 25 28 39 42
35x41: 20 26 21 31 18 26
45x45: 46 58 51 57 48 51
40x47: 52 47 42 54 43 49
40x42: 54 39 45 42 35 43
45x48: 70 49 51 50 47 63
47x38: 47 59 39 47 37 43
38x42: 28 28 22 28 26 36
36x39: 42 37 40 35 25 37
47x42: 51 50 50 49 51 53
38x50: 36 39 29 32 33 22
39x39: 21 27 31 27 32 31
42x42: 48 31 30 28 24 34
41x46: 28 32 39 32 28 36
43x50: 44 38 34 45 34 28
47x45: 38 33 42 34 42 35
49x39: 62 38 52 48 47 48
39x46: 43 34 41 20 25 31
47x49: 59 54 49 75 53 61
43x38: 47 39 37 45 33 48
44x45: 53 45 54 55 46 52
45x44: 47 39 32 37 26 29
44x43: 52 59 36 44 49 48
40x49: 43 32 27 32 40 34
46x42: 41 33 29 23 43 40
37x44: 41 40 43 39 34 53
42x39: 34 39 30 20 34 24
42x40: 35 42 40 49 45 47
41x41: 23 30 24 31 36 25
46x40: 54 37 47 52 52 42
40x35: 26 39 42 30 48 34
41x45: 34 25 33 35 32 35
47x41: 40 33 28 25 33 36
36x49: 45 44 41 47 41 52
38x46: 27 28 22 33 28 41
45x36: 18 31 25 38 37 30
44x39: 28 18 29 37 37 33
42x44: 45 50 46 48 47 48
35x37: 26 21 23 28 10 23
48x36: 39 29 37 26 32 29
47x45: 46 49 49 68 61 52
46x49: 48 63 61 58 59 59
35x40: 31 33 27 41 41 41
41x36: 40 26 36 41 52 34
48x47: 55 65 59 61 59 49
38x46: 34 32 31 19 30 33
45x48: 42 40 46 38 39 35
45x44: 47 43 56 50 56 55
47x37: 25 35 36 29 27 28
48x47: 35 41 48 39 36 41
49x46: 34 39 40 43 30 54
50x49: 65 62 60 57 67 66
38x48: 44 41 51 49 52 46
47x48: 51 52 48 51 74 71
40x40: 19 30 22 29 36 33
44x47: 31 32 38 36 37 36
41x47: 48 57 36 47 56 50
50x45: 40 36 37 44 35 47
49x38: 56 35 35 50 48 59
41x40: 38 52 40 40 36 45
39x40: 19 35 29 24 31 30
38x35: 11 30 15 30 25 20
35x45: 42 40 48 37 43 35
50x38: 40 27 38 30 28 28
36x35: 26 37 38 28 28 38
40x44: 43 40 40 50 42 54
47x44: 37 33 21 37 37 44
36x43: 36 39 46 33 46 41
39x42: 37 22 26 40 29 28
40x44: 20 26 34 29 35 37
49x41: 45 31 30 34 30 38
46x47: 43 57 73 52 57 56
48x39: 48 47 55 45 53 43
35x50: 32 31 23 40 22 27
38x37: 23 28 26 18 26 23
35x35: 13 18 18 22 28 22
45x40: 46 46 51 50 42 43
50x49: 45 40 37 49 39 46
38x47: 49 47 49 48 38 44
43x38: 38 48 44 50 34 37
40x48: 50 55 51 44 47 49
45x44: 48 47 49 56 47 57
36x49: 53 50 33 43 44 45
43x40: 42 44 54 42 47 39
39x44: 39 50 41 40 48 46
48x42: 55 44 55 41 63 55
38x47: 43 29 25 32 22 28
48x44: 56 59 44 60 53 50
42x40: 41 40 52 42 41 45
49x40: 36 38 37 31 37 28
49x48: 50 44 41 43 42 35
35x43: 40 31 38 48 28 45
37x48: 31 31 28 25 43 33
35x39: 34 36 27 29 36 46
42x35: 32 38 36 54 31 34
46x36: 28 33 26 31 31 30
44x38: 38 33 39 49 54 45
39x46: 24 53 55 43 53 52
43x43: 27 33 39 23 41 33
40x40: 30 31 30 29 18 31
44x46: 38 31 43 38 30 29
49x49: 53 72 50 61 53 76
39x41: 45 35 49 39 52 30
46x47: 53 58 55 50 56 61
37x37: 20 24 37 17 23 22
49x45: 50 60 57 68 45 58
40x35: 37 41 33 28 38 38
47x35: 40 42 50 52 37 34
45x45: 26 36 43 42 35 43
45x36: 25 26 37 22 33 36
36x38: 21 26 19 26 20 31
48x42: 44 30 37 37 33 43
40x41: 21 32 29 26 32 29
38x47: 37 29 26 32 30 26
41x39: 40 44 39 40 37 45
45x43: 53 48 55 43 53 48
41x40: 41 41 43 45 44 39
39x35: 28 20 21 25 25 24
37x36: 31 41 39 31 30 34
48x48: 42 53 38 50 37 35
35x37: 31 25 34 32 42 37
44x49: 43 38 46 25 33 39
48x41: 44 26 40 39 32 27
39x42: 24 25 29 38 39 27
39x46: 24 30 34 40 40 26
45x40: 43 45 48 47 49 46
46x41: 64 50 48 37 47 44
41x43: 28 34 33 29 25 32
41x39: 27 27 23 27 34 31
40x45: 39 40 32 25 30 28
45x41: 50 52 56 56 37 34
44x50: 38 70 62 60 48 61
49x44: 33 35 40 40 31 45
36x43: 39 40 43 32 43 43
36x38: 42 40 38 33 30 28
42x46: 40 58 43 54 58 44
39x42: 25 29 38 30 32 27
50x45: 39 72 55 56 67 58
37x48: 43 45 37 53 51 43
37x36: 29 22 19 21 19 33
44x35: 22 26 24 22 35 25
38x47: 45 36 53 45 59 41
36x50: 39 22 26 28 38 38
45x42: 44 28 37 30 37 33
43x42: 41 45 40 56 50 45
46x35: 21 37 28 29 25 24
41x45: 25 35 34 35 37 29
39x47: 34 31 31 30 28 40
43x45: 48 41 58 54 53 47
43x39: 50 46 35 35 37 52
43x41: 27 42 21 35 30 26
49x44: 32 30 49 36 41 35
50x39: 40 39 32 29 36 32
47x49: 45 31 39 41 44 39
48x40: 51 58 56 45 45 42
45x43: 39 26 44 28 37 36
49x43: 37 35 36 40 37 39
42x35: 34 44 42 32 40 36
39x45: 31 25 38 35 27 38
42x45: 44 42 30 35 32 26
50x45: 58 61 58 51 54 64
46x48: 33 43 49 37 34 43
46x36: 27 32 30 31 32 28
44x40: 46 51 47 49 41 37
37x50: 41 34 35 33 21 28
38x45: 50 38 40 37 48 50
42x35: 22 25 28 24 20 34
35x39: 23 22 24 29 26 18
45x41: 56 42 42 56 50 37
47x37: 40 50 39 41 43 53
39x44: 52 44 45 47 34 41
42x42: 47 58 42 46 40 37
44x44: 35 30 32 25 30 44
35x46: 33 34 26 29 21 22
49x49: 51 47 29 47 29 52
37x43: 55 41 32 39 38 37
42x43: 32 29 31 36 29 38
45x41: 31 35 30 30 34 34
36x37: 20 25 13 28 31 26
42x46: 39 34 34 32 37 33
35x40: 19 30 35 24 17 18
44x50: 38 34 35 39 36 42
41x35: 25 26 21 22 26 23
46x38: 26 31 29 27 31 35
41x44: 50 39 46 49 49 45
37x49: 42 47 50 38 53 51
45x37: 19 28 42 35 31 24
35x41: 27 23 26 23 25 19
40x48: 56 51 46 53 45 43
45x47: 43 46 41 22 36 36
36x47: 40 46 38 43 42 50
37x46: 38 44 41 54 42 42
50x39: 51 58 51 45 45 50
50x35: 38 55 53 36 52 39
40x41: 49 31 40 51 43 38
44x43: 45 33 37 21 27 32
48x48: 74 50 67 52 53 60
43x41: 25 28 38 30 33 27
47x50: 36 40 40 47 34 43
39x42: 24 40 36 28 26 28
46x50: 39 39 44 33 53 32
48x40: 39 35 33 36 38 26
48x45: 44 42 40 34 33 46
41x39: 32 23 30 28 25 31
42x47: 51 52 54 48 45 54
46x46: 46 36 44 38 31 30
50x40: 32 36 33 40 33 33
50x45: 60 60 60 60 56 51
50x46: 68 54 57 64 47 62
43x38: 24 24 36 30 28 26
50x44: 35 37 37 45 39 31
48x40: 54 47 42 50 44 56
42x50: 38 41 36 37 35 37
44x44: 47 43 52 46 58 54
44x41: 28 24 35 27 26 41
36x37: 18 23 25 24 25 29
35x35: 30 15 25 21 19 10
40x47: 35 31 28 28 31 41
45x35: 24 31 27 28 21 33
37x36: 31 17 25 19 29 23
43x46: 36 37 32 38 32 34
43x42: 42 56 46 41 54 40
40x42: 35 37 25 29 30 26
44x49: 46 61 60 66 40 58
37x48: 35 39 37 32 30 19
47x35: 21 39 33 32 20 20
46x50: 43 35 47 32 48 35
44x41: 32 23 32 35 21 39
40x43: 25 40 27 38 33 19
47x43: 33 36 31 32 37 41
49x44: 51 57 62 51 57 56
36x48: 46 49 50 38 39 45
49x36: 48 42 44 50 44 43
50x45: 40 43 40 39 40 38
38x48: 48 44 45 52 50 42
36x48: 33 32 33 23 34 37
40x49: 38 57 58 42 64 47
41x43: 25 37 30 29 30 30
43x42: 54 40 44 47 49 44
50x44: 56 47 57 61 65 54
47x38: 51 55 43 41 52 33
36x47: 25 29 37 31 22 35
50x43: 36 41 35 39 37 35
49x43: 52 52 48 66 55 50
43x35: 33 25 14 29 26 26
39x45: 51 47 45 49 44 34
46x39: 42 31 35 30 27 30
35x35: 24 20 17 21 17 21
50x41: 51 54 44 43 66 57
43x43: 27 33 34 24 46 31
37x48: 32 29 36 28 38 29
38x44: 48 36 46 35 55 40
48x44: 38 38 34 37 31 45
42x49: 40 23 49 39 36 36
50x38: 43 44 62 52 53 43
39x41: 44 39 32 45 30 52
41x50: 34 34 36 35 36 33
48x38: 33 21 34 34 31 39
43x50: 35 34 33 37 37 47
35x45: 38 38 44 36 43 45
38x44: 24 34 28 27 26 29
38x50: 25 28 37 39 25 37
46x47: 31 41 43 39 35 36
47x48: 56 54 58 61 48 69
36x35: 16 23 22 32 15 24
35x40: 23 26 22 20 23 28
42x44: 35 31 34 33 26 36
37x47: 39 46 39 46 42 54
36x37: 29 27 20 24 21 23
38x37: 39 38 38 31 29 41
39x49: 33 41 29 37 33 35
40x37: 28 33 38 40 46 44
47x38: 37 57 43 48 44 45
41x49: 37 26 35 43 31 35
49x47: 67 40 55 60 57 74
35x36: 19 18 28 24 20 22
44x44: 35 35 34 34 33 24
48x45: 38 42 35 37 40 47
41x36: 35 39 32 39 40 41
39x38: 26 24 23 25 27 31
42x36: 29 13 38 30 28 29
49x50: 50 39 38 43 39 47
46x47: 42 35 32 37 42 36
35x43: 25 27 25 16 30 30
39x40: 47 35 49 35 34 42
44x47: 31 35 40 34 34 36
49x42: 48 60 57 42 51 60
38x35: 20 28 19 21 19 24
45x46: 48 46 48 57 57 62
44x44: 55 46 47 54 48 47
47x35: 30 22 32 36 24 21
46x42: 26 35 30 41 36 41
50x50: 73 58 64 63 64 63
49x46: 58 67 55 55 69 44
46x35: 42 32 51 42 42 42
45x49: 56 60 59 52 62 52
49x45: 50 59 51 63 63 53
43x41: 49 47 52 41 48 37
40x50: 29 26 38 44 41 30
50x47: 39 35 40 43 38 44
45x39: 48 43 44 47 52 37
48x49: 40 45 50 41 36 43
37x40: 25 24 24 30 24 28
37x38: 17 24 30 19 33 20
45x42: 24 35 40 45 33 33
44x47: 50 65 44 50 48 58
40x40: 33 25 32 32 29 18
38x35: 33 53 33 27 24 33
48x43: 31 41 50 36 35 30
49x39: 34 36 40 32 35 31
35x41: 35 32 43 34 38 41
35x41: 35 31 38 28 47 44
49x44: 32 35 46 30 54 26
38x44: 33 25 35 24 29 22
36x50: 39 29 57 37 59 61
44x42: 32 28 39 32 27 38
39x38: 24 27 30 23 23 28
49x49: 66 49 59 59 68 69
37x36: 48 31 33 33 29 30
35x37: 30 25 32 38 40 35
37x45: 47 40 42 48 40 39
42x43: 36 33 41 30 29 26
49x45: 40 36 45 35 43 40
44x48: 44 27 32 51 36 34
48x35: 37 30 23 30 34 21
44x40: 25 27 25 45 29 31
48x49: 51 44 41 39 38 43
42x40: 31 47 44 50 42 45
37x48: 30 37 29 26 35 35
40x46: 25 32 36 28 37 36
38x42: 32 23 28 31 20 34
41x35: 31 39 40 34 50 30
40x38: 31 18 29 31 26 20
46x44: 58 42 47 49 49 65
44x41: 55 38 48 37 50 51
42x41: 27 26 39 34 30 26
47x50: 34 41 38 35 51 40
41x48: 35 42 38 36 34 22
48x46: 35 42 39 39 40 45
47x44: 29 36 36 31 39 38
39x35: 24 15 21 25 32 25
42x48: 64 51 48 44 48 54
48x47: 49 60 51 64 63 59
39x47: 40 27 28 32 38 30
41x40: 54 37 43 33 36 49
37x41: 25 29 27 28 26 21
47x45: 53 57 65 47 55 52
48x39: 41 44 57 45 49 55
49x39: 38 33 31 36 34 35
49x45: 44 34 48 41 37 36
39x45: 31 21 54 29 38 22
37x41: 30 18 22 27 35 24
40x50: 60 43 49 40 62 55
46x41: 46 46 50 57 49 43
45x40: 41 34 28 31 34 27
45x40: 38 37 30 34 28 28
50x48: 48 25 47 46 43 46
46x41: 52 40 50 46 49 54
37x38: 37 40 38 32 36 34
39x41: 33 24 22 28 32 29
38x40: 30 23 24 24 27 27
35x47: 30 29 25 35 22 23
36x40: 29 30 25 24 17 30
47x48: 56 51 55 59 68 59
43x37: 35 37 33 45 55 40
37x44: 39 37 62 35 44 40
37x47: 45 45 44 46 46 42
49x41: 39 32 33 30 38 35
40x45: 44 54 45 49 47 38
36x38: 22 23 22 35 20 22
44x47: 61 58 40 50 54 52
37x44: 23 30 29 23 33 29
38x38: 19 28 17 28 22 29
50x47: 43 36 39 34 42 46
42x43: 35 32 30 26 32 40
44x50: 29 34 43 42 37 39
41x36: 38 35 38 34 43 40
45x40: 49 48 51 30 49 52
39x45: 46 42 31 46 51 51
37x48: 40 31 35 25 28 33
45x50: 50 38 29 45 31 46
38x41: 40 38 42 52 29 38
46x40: 37 26 32 39 35 25
44x42: 45 45 43 49 59 44
40x37: 24 28 29 34 27 13
42x39: 47 43 37 41 37 45
46x41: 29 29 41 36 32 28
37x35: 18 30 25 23 13 23
37x45: 35 28 26 27 28 35
44x35: 41 45 37 38 35 40
48x44: 41 46 28 30 41 38
43x35: 35 40 46 43 39 31
44x41: 33 28 37 30 25 28
45x45: 54 52 47 50 55 53
47x44: 31 37 32 40 36 33
39x39: 25 29 28 36 25 25
47x41: 24 35 27 31 34 43
50x39: 28 38 43 30 34 34
35x43: 29 16 30 30 21 28
46x36: 30 31 24 28 29 37
48x45: 57 69 59 40 58 51
42x49: 56 63 45 42 63 47
38x35: 29 31 38 36 40 33
49x46: 38 42 41 37 42 40
47x36: 29 39 24 23 34 31
47x45: 38 38 27 31 48 42
46x45: 36 42 45 38 31 33
48x36: 40 29 32 26 33 32
40x43: 39 48 43 37 53 46
41x40: 37 54 35 41 53 32
36x45: 51 43 46 38 35 37
43x42: 44 45 57 33 60 44
36x47: 37 37 51 47 51 41
47x47: 68 57 57 64 47 46
47x46: 48 59 44 67 65 48
49x50: 42 39 51 39 40 44
36x47: 21 29 33 37 34 26
37x36: 33 31 46 32 22 43
45x49: 42 37 35 43 40 43
39x37: 26 23 24 38 16 29
41x41: 37 32 30 26 22 22
43x42: 48 48 33 47 50 49
46x39: 34 32 38 31 38 21
45x46: 34 30 35 33 41 51
47x45: 46 50 46 67 66 50
41x45: 40 41 34 24 20 35
35x44: 38 41 27 38 42 48
49x46: 55 58 54 64 57 58
43x41: 32 37 33 29 28 23
44x43: 40 52 48 51 41 58
35x38: 24 18 26 19 18 27
41x39: 34 36 52 42 39 46
48x41: 33 43 23 40 30 38
48x36: 25 35 39 35 28 29
39x44: 44 48 47 41 43 42
48x41: 34 32 36 30 40 35
49x50: 42 43 43 47 50 31
49x48: 53 67 38 71 62 65
47x43: 57 52 42 54 50 53
41x43: 36 26 32 30 28 29
49x49: 58 30 42 43 42 41
35x43: 31 23 27 33 19 21
36x39: 41 32 45 30 30 40
42x47: 51 44 41 48 64 55
39x42: 35 28 41 23 34 20
47x48: 46 35 45 32 43 39
42x44: 30 37 39 25 31 34
41x42: 50 44 52 37 41 43
39x41: 30 26 33 34 26 19
40x42: 33 27 37 33 19 32
36x50: 41 52 38 45 54 46
39x40: 23 31 18 36 34 27
40x36: 37 43 43 28 33 39
45x48: 47 43 40 36 34 39
40x35: 39 37 35 32 40 33
43x46: 52 43 53 55 49 53
37x41: 24 28 23 23 25 33
49x45: 56 54 68 53 51 60
43x48: 50 34 42 33 31 33
49x45: 43 38 38 57 38 26
36x49: 46 52 43 42 38 49
43x43: 33 32 31 31 32 36
50x40: 33 40 33 31 31 40
46x46: 42 35 34 40 39 35
36x43: 26 28 34 26 26 28
36x42: 31 26 30 28 29 24
45x40: 49 45 53 37 53 43
36x38: 37 35 36 35 27 40
49x49: 58 39 36 51 28 43
37x48: 42 49 54 39 45 47
35x41: 39 40 31 42 33 34
37x49: 40 51 47 35 51 56
48x44: 35 33 45 34 40 36
39x48: 40 41 28 40 24 35
41x44: 33 30 26 32 26 35
36x44: 35 29 21 28 32 23
39x47: 27 25 38 34 38 32
39x40: 38 35 45 45 41 38
36x35: 12 18 29 26 20 27
47x36: 31 29 28 45 29 17
47x44: 26 35 46 42 34 27
41x49: 28 43 39 42 33 22
43x38: 26 36 25 28 21 32
42x48: 30 47 29 36 44 38
44x49: 59 51 46 51 67 57
50x40: 54 39 70 56 50 44
48x46: 40 46 46 46 26 36
38x40: 34 24 22 36 20 19
45x48: 81 37 56 45 57 57
44x42: 52 44 39 39 61 49
49x36: 44 44 38 46 54 45
41x37: 22 28 27 27 29 22
49x44: 56 55 56 57 55 53
38x43: 49 49 40 36 48 30
45x37: 39 38 52 38 49 44
35x39: 35 33 43 42 30 29
37x35: 33 25 33 34 38 37
43x40: 47 42 52 46 43 37
40x44: 17 31 28 47 27 32
48x36: 52 48 38 31 36 58
